size = 19813
generate time : 0.039769秒
time : 0.104525秒
